0.3302795020954452 0.5211242982120099 
0.7270149790789842 0.41720511364009305 
0.2860056622619084 0.1612867119676713 
0.6328607426492003 0.9678477801410204 
0.1640478345789252 0.8152560667676991 
0.8825549610756702 0.17421554870062095 
0.6447366224840089 0.13302655970472355 
0.9193885576386827 0.80621826123572 
0.03076772477747125 0.2813781615941976 
0.673569966258853 0.7431755391448125 
0.45012108248307936 0.724767250507147 
0.40809194050416536 0.2472235435475474 
0.05595081571962629 0.5666233373963849 
0.8084269517627841 0.5438468555130932 
0.9101818501527593 0.3777084663541494 
0.56345878771274 0.9724475207161456 
0.47642060899882144 0.546165196706173 
0.15664551787820397 0.15358751058493159 
0.36563839444088364 0.8367560534927518 
0.7366250499090399 0.23296201690425172 
0.35258439692261223 0.05446332913437202 
0.28731295509296456 0.9648572215136764 
0.3071961565130119 0.3615978679328431 
0.5334097424171959 0.3288266171735199 
0.7773764893828319 0.826445458755701 
0.9166745215912893 0.9616089660486162 
0.03650558551570515 0.8971085249027522 
0.9622145497202877 0.60035133958976 
0.31833991524728766 0.6675297840409036 
0.49432080885602886 0.029966309901746813 
0.03771524731054943 0.04088799349340072 
0.16848561487386837 0.6462216909047327 
0.6246670356198433 0.6103541888051228 
0.02890123048916249 0.4038529164551915 
0.8798802984805763 0.03947583883430439 
0.15523271096215735 0.5069796897673384 
0.783698786493026 0.3114762474421928 
0.5029616016840016 0.8585717592816038 
0.5567279728090478 0.4436025879051321 
0.112812796961001 0.3263569032003879 
0.7953588047202691 0.6196966073511353 
0.7334055761148772 0.02909110932306408 
0.9019791078515709 0.2509322493889436 
0.872750431784898 0.9213638532250716 
0.09311037696056418 0.7804399915104194 
0.31404974753165205 0.28341691298883287 
0.5064294511091187 0.11342036725903853 
0.45449669134675386 0.36590942114374814 
0.3509979760438653 0.9661906511360765 
0.6666917697947844 0.2730909404582441 
0.6078511231202374 0.770891917320016 
0.03106654114062818 0.6873568499992685 
0.6654441103108926 0.430449126262552 
0.17816768316496012 0.8834493255876461 
0.582443209571801 0.2529461448534288 
0.3688651122329277 0.14315509319110364 
0.30815509535446695 0.8812242829942802 
0.5644965006009932 0.029644119206381103 
0.2115760382281503 0.4766267273594548 
0.5357911310137045 0.7111792433897628 
0.9527168858122164 0.7129184197848557 
0.8736954639449814 0.6833770284408293 
0.8797790741265885 0.5457848290520597 
0.20219504907044233 0.037068072272808894 
0.17647276603599665 0.3616639083802334 
0.7422130629063888 0.8855547851924288 
0.027167904589338265 0.19500359617634438 
0.7848736405993597 0.4633981148939751 
0.38548176427557834 0.47291067374515994 
0.3100257189493477 0.7979125688297151 
0.8380124248423448 0.11019934302415918 
0.392444067316775 0.6615287834552022 
0.8283057250356962 0.25020062811993654 
0.08159755868494789 0.4562775108284203 
0.6029541601778753 0.9057173280361885 
0.4217556013493994 0.9583005952908972 
0.1460385659219806 0.22013265373765017 
0.7174798154888541 0.6337705524519586 
0.9090470828163371 0.45789567996032293 
0.7685450944991303 0.09578201773235884 
0.26768014720893274 0.5718562123933003 
0.6164241908411064 0.4714501637353983 
0.9713864632533208 0.8716769375452431 
0.5645911954240819 0.6309724652557733 
0.12450141458274 0.09174851064904971 
0.9655658520326595 0.03442323739264891 
0.45653280118811834 0.1859155763241619 
0.09097284131421668 0.16666764374251974 
0.6035660925369901 0.6875657187123565 
0.10336924729095692 0.9707242048767448 
0.6875032478564866 0.8174157656003697 
0.7732803750541717 0.9579364284568859 
0.3573367307217016 0.7294338157992839 
0.9685416132406053 0.2699087447252683 
0.37647322409332507 0.4004392802275767 
0.8452325158059459 0.3916650361798074 
0.24492318391199547 0.8339263629637443 
0.15069958111657267 0.7352051026150661 
0.35847435107674025 0.20906143119673415 
0.7499604568343863 0.6962521442257369 
0.706530247001689 0.33821093467351104 
0.24534913500931227 0.634017422154378 
0.6424665198972085 0.19911227609355459 
0.2765058742449995 0.7299615485274598 
0.9722470857450725 0.41479904404010703 
0.4145810710700915 0.03375898137903921 
0.4611815047791733 0.7971617600308631 
0.8865481458753395 0.6142178706041906 
0.7218201260599111 0.5018456824822968 
0.6864110967864013 0.07522794421160023 
0.556109968083472 0.18047750878382157 
0.43778096724565096 0.8811669484744507 
0.44813338176885303 0.6127561773875302 
0.021697255059220766 0.6110543453757071 
0.03861234602034519 0.8316622182664342 
0.5446675931363733 0.5092947271566557 
0.5039849458928329 0.25264088443452304 
0.7418932132632794 0.765554618565856 
0.38529743419629275 0.5911849352568255 
0.8887343902439802 0.7396853172137718 
0.2326141315117552 0.2625094475223475 
0.27840226405151347 0.09588129108906518 
0.7819360539872624 0.3834450203364629 
0.31400928764339664 0.43798511234549686 
0.5289119585575796 0.9169916439767403 
0.962042120378382 0.33586999369675846 
0.39743242699399384 0.7808049161765053 
0.9644786966846273 0.6589217561135599 
0.9661945737326945 0.1179226706977346 
0.23962568528048322 0.4093005235887538 
0.8557652056206726 0.8135715219936637 
0.8003860056150733 0.17949249116935617 
0.10182645328952378 0.3930944605579411 
0.9598135073867127 0.1972730649380245 
0.1180332573380149 0.030471619003723305 
0.13016977990261247 0.5906934818700947 
0.03176909937223704 0.9634910471781957 
0.1987133033720505 0.9692185302445844 
0.86945519077259 0.3208191164635117 
0.02430871436787385 0.49965226086716635 
0.8090199823902049 0.02812469572086368 
0.10548106072180513 0.8560918009303147 
0.37588798616335706 0.32530666881544923 
0.08668308593457064 0.24859665646833273 
0.722960234773134 0.15227864582084083 
0.955733441683136 0.5450853489043732 
0.37840090230466883 0.9029507216974295 
0.03858378999123724 0.11628814900937345 
0.42760643057914216 0.1050841717402049 
0.747006786412681 0.5678636038391309 
0.2101826893332549 0.19467200982892596 
0.6599603285490674 0.5161777428507784 
0.08598789066915558 0.6376037445425713 
0.42012853788468596 0.5331538428951788 
0.5183385777460868 0.4025128403265127 
0.8402340586888923 0.9716995281070672 
0.20679930772169858 0.1134481676294885 
0.2096664961537597 0.7679215567139506 
0.908292368172428 0.09806880437495619 
0.15581502564342142 0.43211248322760193 
0.9085072940866978 0.8796174640394914 
0.520925746013468 0.7741659276147681 
0.26767371984768845 0.49959281766985597 
0.6000888264441571 0.3874505640921019 
0.47539889835864 0.4752473094722671 
0.2418486014709088 0.908671933839502 
0.70530657501974 0.972430285803686 
0.6701928529455466 0.6732801897588385 
0.8472464216826943 0.47157113851753524 
0.09984150391475749 0.7018477981552005 
0.5262251454334567 0.5838294413051062 
0.4449819118281892 0.305861739804815 
0.23953586299865842 0.3260525288603724 
0.9746236431776111 0.769431055793645 
0.48400516950393685 0.9667838907841659 
0.6428247047156618 0.8507313625590609 
0.324369935679671 0.6033118989053408 
0.6029252011917539 0.5447481409035274 
0.282855174262294 0.028824307454071885 
0.0996845105206482 0.5203584639291076 
0.5812431304731357 0.10077456744948954 
0.4410925703529595 0.42522951671107767 
0.029865496003774306 0.759017792922954 
0.48834708878180166 0.6555019741337019 
0.2880248317623306 0.22184327737658577 
0.12912920440081682 0.921373609678635 
0.8103777455914201 0.6864541523325922 
0.16823307316988984 0.2885005340062644 
0.9702992619628281 0.9617766591254383 
0.6386726764585487 0.03140347091526985 
0.2120995800528429 0.7000359517659821 
0.6777371050718105 0.5783322997508984 
0.9683812280549029 0.48915696508908685 
0.047103180022590285 0.33775014986476437 
0.6193904616472733 0.32164389612232547 
0.5719210857050402 0.8376834228139703 
0.19547151258515877 0.5577511519803651 
0.8235238661265598 0.8903738145285618 
0.677999224391004 0.9079487164153326 
0.8211936866741454 0.7541512172850615 
