0.5211398200677351 0.047650299878931046 
0.36222706090163337 0.4661847449625257 
0.5628901698265127 0.743097090160156 
0.9660080215420173 0.20289478146323903 
0.24547636200777884 0.769141641917701 
0.18086628072831828 0.25677624652139697 
0.9009364498007911 0.7259450328818331 
0.6513054931563762 0.34297881415780984 
0.5100694441286056 0.968757327465245 
0.5011233457509775 0.3214890084623101 
0.17794870106711952 0.03228078953583702 
0.7713734315061362 0.5435517335054588 
0.04124318415082712 0.5570153139109122 
0.17155240780776282 0.9137322933275656 
0.883560415607064 0.8677917157121293 
0.5014631911855058 0.5608810261358971 
0.753853782082017 0.24804428945448387 
0.37378200370764675 0.10169477205145117 
0.13110637128776187 0.3825437166430593 
0.8213411819672323 0.040234553834907094 
0.9174404888268228 0.4478793082976025 
0.022643790209263825 0.8654295347102254 
0.07369892415519608 0.18242152553552204 
0.6978475819190465 0.8858561590930603 
0.4022445829571186 0.7646147190080299 
0.09845807261610517 0.6219866477383929 
0.4779894096899653 0.19132721621248505 
0.37551609584150114 0.3868382696398447 
0.8366681557460331 0.35946667183806535 
0.9634045189647155 0.0429633223712666 
0.18357652192067114 0.5242280106484505 
0.3757513666656245 0.9665473500872026 
0.6426324317540212 0.1318340219129332 
0.7682613253172932 0.7661957823218991 
0.9194737650002736 0.5859709096023075 
0.6604328881247303 0.5345396589519722 
0.6453275914365502 0.614076601408733 
0.29384491154776926 0.6594140936965007 
0.3866761006472997 0.23827325551985695 
0.04060381998290058 0.38278491199254056 
0.807788436671656 0.9722992075812378 
0.7716205729931478 0.685808858126421 
0.8384953927448131 0.15878757692334322 
0.03195183138030605 0.6406420821113238 
0.9660295997928307 0.9669934034827425 
0.9651587066271916 0.36108386979602947 
0.546686992172667 0.8186830332213764 
0.5034494724793219 0.38986308133181036 
0.24507358609796476 0.028319702059394214 
0.451201003929445 0.027905324175783508 
0.03196396995153189 0.9635624475673977 
0.10929857897007944 0.5162659058655932 
0.17093626170366255 0.0964188532894733 
0.10087113533758735 0.03644504218092892 
0.662006990821204 0.04303776449199881 
0.547022852148959 0.8954164010704723 
0.07080930909741007 0.8136929778036 
0.5318226636632564 0.24801317140377882 
0.9717461776483579 0.8301356174368507 
0.6290312295409431 0.4798929916464819 
0.3129206211398269 0.29037233042643085 
0.7234047383575091 0.962858893559116 
0.371794646881221 0.6702877132915586 
0.8185100214438665 0.29591578768259197 
0.5184054726625995 0.6991596847401719 
0.31330255190483003 0.9773754437442679 
0.22402006072121394 0.4191661419517505 
0.03142892585161067 0.12284407021736021 
0.21804252482916175 0.8197741078157688 
0.40658586733922636 0.8846897034491583 
0.29463557075032576 0.8229071208077913 
0.7169366654848628 0.10402522437699657 
0.601913817494469 0.2841587492454476 
0.29684062312633397 0.45062738270965574 
0.6833400183391705 0.7829970827886674 
0.02831767846359523 0.4721669775298455 
0.3281055904806546 0.6037015263637999 
0.44626748206784755 0.2685251353965434 
0.06479896180717931 0.2790491014571128 
0.7023340193761849 0.391517540127981 
0.8867307561195397 0.03077024594925487 
0.8335140198966015 0.7068591420190106 
0.9519403145797369 0.8931274958597886 
0.3234814673892755 0.19921347397215916 
0.03516475831223709 0.042069225361979046 
0.17817261914517624 0.7461564714242416 
0.7437800462686639 0.8314790014170662 
0.4850700682921572 0.6384911878660519 
0.899106375421493 0.17931778385713676 
0.8199428830596084 0.5044826632833852 
0.6498963956414958 0.9650831976326284 
0.158670889167991 0.5901815206670005 
0.8306857877410002 0.6431623674737679 
0.9722775156339365 0.6236610786259893 
0.08691317876757121 0.8943892388880677 
0.837929755886135 0.9179434879974182 
0.6861661879919995 0.2792782116581416 
0.5449972185353502 0.6097760310639977 
0.5661075785941466 0.18549913809713825 
0.5794107445950242 0.10775556515936685 
0.6407082320465276 0.7074278903378499 
0.1783339075306012 0.9738057692674253 
0.4688970690642559 0.8361129327046739 
0.37119312955508665 0.5463700427266636 
0.022947935605175274 0.7694949715001786 
0.24510329271472253 0.10327104031790496 
0.2585131838799336 0.3460909460314261 
0.37746007047169344 0.03267633099516354 
0.4194710887063033 0.48987185579842996 
0.10361012477656079 0.11004888811570862 
0.3416373673464079 0.8843319140344096 
0.08781913679613568 0.4368837543678152 
0.9693624780159877 0.2812800239675737 
0.9004990526491501 0.2518116276423548 
0.2423715844820073 0.7011841301087419 
0.10951210429443958 0.7274485184827826 
0.8099919554928583 0.42249269145013546 
0.7022550019686384 0.18207934281175453 
0.13776405570056066 0.16620773277189965 
0.8857384822701206 0.09888817828611185 
0.02696075198219805 0.21667991382170176 
0.9641218332607364 0.12316511171018063 
0.7084433795373617 0.4869455538556651 
0.480578934424184 0.909761049838967 
0.40724940857053654 0.1590227290114734 
0.8923647235861843 0.392563041421375 
0.44345132530508324 0.09059920253771275 
0.19673889975046294 0.3461709002478525 
0.24943110870566276 0.5790556135641142 
0.5740470858522299 0.3621898007105741 
0.7147692527310056 0.5789753104159882 
0.32498757764784225 0.7387570841372428 
0.9654297207280464 0.6891350531218796 
0.5526609259424734 0.5042343049313929 
0.8612408979212172 0.45959374723398383 
0.36423756732078305 0.8219203738393397 
0.6401747259394258 0.2198643561487567 
0.4357483693519755 0.34917536349815703 
0.9666420021314777 0.7594655847399752 
0.051556379066901525 0.7122938909907615 
0.48479517395261207 0.763860247344097 
0.7931832836433421 0.09921151927771105 
0.64175791724486 0.41426970412665454 
0.8935612582859115 0.9588119784011078 
0.6163836020633013 0.7802254805074028 
0.8962003783987491 0.5209417741641608 
0.24218932617828798 0.19543241570456288 
0.43761922364503864 0.7009386012239849 
0.15609344379935486 0.4483583361788908 
0.9752860399731893 0.42802059367433415 
0.9012781279675064 0.8049033349009134 
0.5628420024797463 0.43920580842260193 
0.5842973198545173 0.9676559077206618 
0.77034582056677 0.16617816413827774 
0.7013211130771038 0.6524379060279193 
0.850283082802652 0.577754213084409 
0.11634897235658997 0.32003001329703484 
0.30024067414925015 0.5320111826536346 
0.16127299633395015 0.8520856012747555 
0.9682712145473259 0.493934744284615 
0.308250283240169 0.9286324554254939 
0.8227291037707212 0.234570425612673 
0.22058704449106775 0.6310933840429297 
0.7530891132345074 0.4479554132978968 
0.31062711887374667 0.048018838201707936 
0.7166071041659777 0.7203262446618522 
0.8972583110236672 0.6477812356447108 
0.30646937684216363 0.13584259578133528 
0.7406531534759003 0.3125417572987117 
0.1657225054408033 0.67474787757476 
0.1984549548939235 0.15876321463365461 
0.7688908231139309 0.9008878866077847 
0.9748736005630324 0.5569425120432654 
0.3133471205043956 0.3816321152611843 
0.7717514137301489 0.3636735084382799 
0.8399422995221494 0.7728571511423917 
0.6261606965864664 0.903291285399954 
0.43599379226417295 0.4248857128388589 
0.24776949449910585 0.2696676259462333 
0.4881082337256132 0.48028836189919244 
0.24249746955209245 0.9623550166079771 
0.24339951986704939 0.8882516227895902 
0.11888902792589068 0.23888269485807995 
0.8194625027982645 0.8408798873775212 
0.10823007159748393 0.9666813891223922 
0.5082213973239383 0.125495105923836 
0.7408445144728284 0.032397689006405495 
0.2385027148225476 0.497600411337598 
0.41747234771354114 0.6012591579574321 
0.022595117096744 0.3071551781559929 
0.4462461994811742 0.5429294586691329 
0.5845598297955972 0.6624144703898961 
0.588599229554546 0.5591337928354423 
0.59147353791977 0.03321654613360375 
0.7704510618690933 0.6188834806959234 
0.13200476709740672 0.7989336231506965 
0.4331205905090904 0.9647699665883356 
0.3762344971221407 0.3160802308355112 
0.8997759887114666 0.3184629820604338 
0.6279980241500793 0.8375523296928435 
